# unix_time, cycles_done, cur_path, paths_total, pending_total, pending_favs, map_size, unique_crashes, unique_hangs, max_depth, execs_per_sec
1628404095, 0, 0, 1, 1, 1, 0.00%, 0, 0, 1, 2666.67
1628404103, 0, 0, 2, 2, 1, 0.01%, 0, 0, 2, 64.45
1628404109, 0, 0, 3, 3, 1, 0.01%, 0, 0, 2, 7.79
1628404114, 0, 0, 7, 7, 1, 0.01%, 0, 0, 2, 104.57
1628404119, 0, 0, 10, 10, 1, 0.01%, 0, 1, 2, 119.56
1628404125, 0, 0, 12, 12, 1, 0.01%, 0, 1, 2, 5275.24
1628404135, 0, 6, 12, 11, 1, 0.01%, 0, 1, 2, 650.60
1628404156, 1, 3, 12, 10, 0, 0.01%, 0, 1, 2, 247.02
1628404182, 1, 5, 12, 9, 0, 0.01%, 0, 1, 2, 362.45
1628404192, 1, 6, 12, 8, 0, 0.01%, 0, 1, 2, 823.53
1628404197, 1, 11, 12, 8, 0, 0.01%, 0, 1, 2, 754.42
1628404213, 2, 1, 12, 7, 0, 0.01%, 0, 1, 2, 2084.49
1628404229, 2, 6, 12, 6, 0, 0.01%, 0, 1, 2, 2320.09
1628404234, 3, 6, 12, 6, 0, 0.01%, 0, 1, 2, 945.86
1628404239, 3, 10, 12, 6, 0, 0.01%, 0, 1, 2, 205.77
1628404260, 4, 1, 12, 5, 0, 0.01%, 0, 1, 2, 17.93
